586.908952, -1121.336177, 0.0;
587.079285, -1111.550115, 0.0;
587.249618, -1101.764053, 0.0;
587.419952, -1091.977992, 0.0;
587.590285, -1082.19193, 0.0;
587.760618, -1072.405868, 0.0;
587.930951, -1062.619806, 0.0;
588.101285, -1052.833745, 0.0;
588.271618, -1043.047683, 0.0;
588.441951, -1033.261621, 0.0;
588.612285, -1023.475559, 0.0;
588.782618, -1013.689498, 0.0;
588.952951, -1003.903436, 0.0;
589.123284, -994.117374, 0.0;
589.293618, -984.331312, 0.0;
589.463951, -974.54525, 0.0;
589.634284, -964.759189, 0.0;
589.634284, -964.759189, 0.0;
589.480402, -954.8721, 0.0;
588.675433, -945.016632, 0.0;
587.222875, -935.235614, 0.0;
585.12904, -925.571553, 0.0;
582.403028, -916.066444, 0.0;
579.056686, -906.761596, 0.0;
575.104554, -897.697442, 0.0;
570.563809, -888.913373, 0.0;
565.454183, -880.447563, 0.0;
559.797881, -872.3368, 0.0;
553.619483, -864.616333, 0.0;
546.945839, -857.319709, 0.0;
539.805951, -850.478642, 0.0;
539.805951, -850.478642, 0.0;
533.378412, -845.078356, 0.0;
526.615724, -840.104183, 0.0;
519.54609, -835.576866, 0.0;
512.198989, -831.515283, 0.0;
504.60506, -827.936374, 0.0;
504.60506, -827.936374, 0.0;
495.453195, -823.979136, 0.0;
486.30133, -820.021898, 0.0;
477.149465, -816.06466, 0.0;
467.997599, -812.107422, 0.0;
458.845734, -808.150184, 0.0;
449.693869, -804.192947, 0.0;
440.542004, -800.235709, 0.0;
431.390138, -796.278471, 0.0;
422.238273, -792.321233, 0.0;
422.238273, -792.321233, 0.0;
413.102153, -788.272787, 0.0;
404.040403, -784.060505, 0.0;
395.055962, -779.685752, 0.0;
386.151744, -775.149949, 0.0;
377.330636, -770.454565, 0.0;
368.595494, -765.601121, 0.0;
359.949152, -760.591192, 0.0;
351.394413, -755.426401, 0.0;
342.934047, -750.108421, 0.0;
334.570807, -744.638982, 0.0;
326.307395, -739.019852, 0.0;
318.146492, -733.252853, 0.0;
310.090743, -727.339856, 0.0;
302.142761, -721.282777, 0.0;
294.305122, -715.08358, 0.0;
286.580368, -708.744274, 0.0;
278.970998, -702.266912, 0.0;
271.479487, -695.653601, 0.0;
264.108261, -688.906479, 0.0;
256.859708, -682.027736, 0.0;
249.736178, -675.019601, 0.0;
242.739983, -667.884348, 0.0;
235.873388, -660.624286, 0.0;
229.138618, -653.241769, 0.0;
222.537861, -645.739195, 0.0;
216.073254, -638.118993, 0.0;
209.746892, -630.383633, 0.0;
203.560828, -622.535623, 0.0;
197.517065, -614.577508, 0.0;
191.617565, -606.511868, 0.0;
185.86424, -598.341318, 0.0;
180.258957, -590.06851, 0.0;
174.803528, -581.696119, 0.0;
169.499725, -573.226863, 0.0;
164.349267, -564.663487, 0.0;
159.353823, -556.008768, 0.0;
154.515014, -547.26551, 0.0;
149.834407, -538.43655, 0.0;
145.31352, -529.524748, 0.0;
140.953819, -520.532994, 0.0;
136.756718, -511.464206, 0.0;
132.723576, -502.321318, 0.0;
128.855702, -493.107298, 0.0;
125.154348, -483.825132, 0.0;
121.620716, -474.477829, 0.0;
118.25595, -465.06842, 0.0;
115.061142, -455.599955, 0.0;
112.037327, -446.075504, 0.0;
109.185486, -436.498154, 0.0;
106.506543, -426.87101, 0.0;
104.001367, -417.197195, 0.0;
104.001367, -417.197195, 0.0;
101.636665, -407.714872, 0.0;
99.271963, -398.232548, 0.0;
96.907261, -388.750225, 0.0;
94.542559, -379.267902, 0.0;
92.177857, -369.785579, 0.0;
89.813155, -360.303255, 0.0;
87.448453, -350.820932, 0.0;
85.083751, -341.338609, 0.0;
82.719049, -331.856286, 0.0;
80.354347, -322.373962, 0.0;
77.989645, -312.891639, 0.0;
75.624943, -303.409316, 0.0;
73.260241, -293.926993, 0.0;
70.895539, -284.444669, 0.0;
68.530837, -274.962346, 0.0;
66.166135, -265.480023, 0.0;
63.801433, -255.9977, 0.0;
61.436731, -246.515376, 0.0;
59.072029, -237.033053, 0.0;
56.707327, -227.55073, 0.0;
54.342625, -218.068406, 0.0;
51.977923, -208.586083, 0.0;
49.61322, -199.10376, 0.0;
47.248518, -189.621437, 0.0;
44.883816, -180.139113, 0.0;
42.519114, -170.65679, 0.0;
40.154412, -161.174467, 0.0;
37.78971, -151.692144, 0.0;
35.425008, -142.20982, 0.0;
33.060306, -132.727497, 0.0;
30.695604, -123.245174, 0.0;
28.330902, -113.762851, 0.0;
25.9662, -104.280527, 0.0;
23.601498, -94.798204, 0.0;
21.236796, -85.315881, 0.0;
18.872094, -75.833558, 0.0;
16.507392, -66.351234, 0.0;
14.14269, -56.868911, 0.0;
11.777988, -47.386588, 0.0;
9.413286, -37.904264, 0.0;
7.048584, -28.421941, 0.0;
4.683882, -18.939618, 0.0;
2.31918, -9.457295, 0.0;
-0.045522, 0.025029, 0.0;
-0.045522, 0.025029, 0.0;
-2.575051, 9.656066, 0.0;
-5.343536, 19.221154, 0.0;
-8.34926, 28.714366, 0.0;
-11.59036, 38.129816, 0.0;
-15.064826, 47.461668, 0.0;
-18.770508, 56.704143, 0.0;
-22.705108, 65.851511, 0.0;
-26.86619, 74.898106, 0.0;
-31.251169, 83.838314, 0.0;
-35.857332, 92.666601, 0.0;
-40.681825, 101.377495, 0.0;
-45.721658, 109.965598, 0.0;
-50.973706, 118.425587, 0.0;
-56.434718, 126.752224, 0.0;
-62.101303, 134.940338, 0.0;
-67.969954, 142.984862, 0.0;
-74.037034, 150.880809, 0.0;
-80.298779, 158.623284, 0.0;
-86.751315, 166.207493, 0.0;
-93.390638, 173.628732, 0.0;
-100.212636, 180.882405, 0.0;
-107.213081, 187.964015, 0.0;
-114.387634, 194.869174, 0.0;
-121.731849, 201.593602, 0.0;
-129.241178, 208.133135, 0.0;
-136.910961, 214.483714, 0.0;
-144.736448, 220.641407, 0.0;
-152.712788, 226.602398, 0.0;
-160.83504, 232.362992, 0.0;
-169.09817, 237.919621, 0.0;
-177.497057, 243.268839, 0.0;
-186.026495, 248.407332, 0.0;
-194.681198, 253.331916, 0.0;
-203.455805, 258.039539, 0.0;
-212.344876, 262.527283, 0.0;
-221.342902, 266.792367, 0.0;
-230.444308, 270.832148, 0.0;
-239.643452, 274.644122, 0.0;
-248.934636, 278.225927, 0.0;
-258.3121, 281.575344, 0.0;
-267.770033, 284.690297, 0.0;
-277.302574, 287.568855, 0.0;
-286.903815, 290.209235, 0.0;
-296.567804, 292.609799, 0.0;
-296.567804, 292.609799, 0.0;
-306.218662, 294.854983, 0.0;
-315.88042, 297.052802, 0.0;
-325.552843, 299.203201, 0.0;
-335.235699, 301.306129, 0.0;
-344.928758, 303.361537, 0.0;
-354.631778, 305.369371, 0.0;
-364.34453, 307.329587, 0.0;
-374.06678, 309.242135, 0.0;
-383.798295, 311.106971, 0.0;
-393.538841, 312.924049, 0.0;
-403.288182, 314.693326, 0.0;
-413.046085, 316.414759, 0.0;
-422.812308, 318.088305, 0.0;
-432.586624, 319.713926, 0.0;
-442.368799, 321.291583, 0.0;
-452.158596, 322.821237, 0.0;
-461.955779, 324.302851, 0.0;
-471.760112, 325.736391, 0.0;
-481.57136, 327.121821, 0.0;
-491.389285, 328.459108, 0.0;
-501.213664, 329.748221, 0.0;
-511.044232, 330.989126, 0.0;
-520.88077, 332.181795, 0.0;
-530.72304, 333.326199, 0.0;
-540.570807, 334.422312, 0.0;
-550.423833, 335.470105, 0.0;
-560.281879, 336.469555, 0.0;
-570.14471, 337.420637, 0.0;
-580.012088, 338.323328, 0.0;
-589.883775, 339.177607, 0.0;
-599.759534, 339.983452, 0.0;
-609.639127, 340.740846, 0.0;
-619.522316, 341.449768, 0.0;
-629.408863, 342.110203, 0.0;
-639.298531, 342.722133, 0.0;
-649.191082, 343.285546, 0.0;
-659.086278, 343.800427, 0.0;
-668.98388, 344.266763, 0.0;
-678.88365, 344.684544, 0.0;
-688.785351, 345.053759, 0.0;
-698.688744, 345.3744, 0.0;
-708.593607, 345.646459, 0.0;
-718.49967, 345.869928, 0.0;
-728.40671, 346.044804, 0.0;
-738.314488, 346.171081, 0.0;
-748.222767, 346.248757, 0.0;
-758.131307, 346.27783, 0.0;
-768.039871, 346.258299, 0.0;
-777.94822, 346.190164, 0.0;
-787.856116, 346.073427, 0.0;
-797.76332, 345.908092, 0.0;
-807.669594, 345.694161, 0.0;
-817.574699, 345.431641, 0.0;
-827.478397, 345.120537, 0.0;
-837.38045, 344.760856, 0.0;
-847.28062, 344.352609, 0.0;
-857.178668, 343.895803, 0.0;
-867.074356, 343.390452, 0.0;
-876.967446, 342.836565, 0.0;
-886.857701, 342.234158, 0.0;
-896.744881, 341.583244, 0.0;
-906.628749, 340.883838, 0.0;
-916.509067, 340.135959, 0.0;
-926.385598, 339.339624, 0.0;
-936.258103, 338.494851, 0.0;
-946.126346, 337.601662, 0.0;
-955.990089, 336.660078, 0.0;
-965.849065, 335.670125, 0.0;
-965.849065, 335.670125, 0.0;
-975.113393, 334.139789, 0.0;
-984.121671, 331.49014, 0.0;
-992.739195, 327.760798, 0.0;
-1000.837105, 323.00753, 0.0;
-1008.294311, 317.301411, 0.0;
-1014.999303, 310.727768, 0.0;
-1020.851821, 303.384898, 0.0;
-1025.76435, 295.3826, 0.0;
-1029.663431, 286.840534, 0.0;
-1032.490761, 277.886435, 0.0;
-1034.204062, 268.654192, 0.0;
-1034.777715, 259.281859, 0.0;
-1034.777715, 259.281859, 0.0;
-1034.777225, 249.309359, 0.0;
-1034.776736, 239.336859, 0.0;
-1034.776246, 229.364359, 0.0;
-1034.775757, 219.391859, 0.0;
-1034.775268, 209.419359, 0.0;
-1034.774778, 199.44686, 0.0;
-1034.774289, 189.47436, 0.0;
-1034.773799, 179.50186, 0.0;
-1034.77331, 169.52936, 0.0;
-1034.772821, 159.55686, 0.0;
-1034.772331, 149.58436, 0.0;
-1034.771842, 139.61186, 0.0;
-1034.771352, 129.63936, 0.0;
-1034.770863, 119.66686, 0.0;
-1034.770373, 109.69436, 0.0;
-1034.769884, 99.72186, 0.0;
-1034.769395, 89.74936, 0.0;
-1034.768905, 79.77686, 0.0;
-1034.768416, 69.80436, 0.0;
-1034.767926, 59.83186, 0.0;
-1034.767437, 49.85936, 0.0;
-1034.766948, 39.88686, 0.0;
-1034.766458, 29.914361, 0.0;
-1034.765969, 19.941861, 0.0;
-1034.765479, 9.969361, 0.0;
-1034.76499, -0.003139, 0.0;
-1034.764501, -9.975639, 0.0;
-1034.764011, -19.948139, 0.0;
-1034.763522, -29.920639, 0.0;
-1034.763032, -39.893139, 0.0;
-1034.762543, -49.865639, 0.0;
-1034.762054, -59.838139, 0.0;
-1034.761564, -69.810639, 0.0;
-1034.761075, -79.783139, 0.0;
-1034.760585, -89.755639, 0.0;
-1034.760096, -99.728139, 0.0;
-1034.759606, -109.700639, 0.0;
-1034.759117, -119.673139, 0.0;
-1034.758628, -129.645638, 0.0;
-1034.758138, -139.618138, 0.0;
-1034.757649, -149.590638, 0.0;
-1034.757159, -159.563138, 0.0;
-1034.75667, -169.535638, 0.0;
-1034.756181, -179.508138, 0.0;
-1034.755691, -189.480638, 0.0;
-1034.755202, -199.453138, 0.0;
-1034.754712, -209.425638, 0.0;
-1034.754223, -219.398138, 0.0;
-1034.753734, -229.370638, 0.0;
-1034.753244, -239.343138, 0.0;
-1034.752755, -249.315638, 0.0;
-1034.752265, -259.288138, 0.0;
-1034.751776, -269.260638, 0.0;
-1034.751287, -279.233138, 0.0;
-1034.750797, -289.205638, 0.0;
-1034.750308, -299.178137, 0.0;
-1034.749818, -309.150637, 0.0;
-1034.749329, -319.123137, 0.0;
-1034.74884, -329.095637, 0.0;
-1034.74835, -339.068137, 0.0;
-1034.747861, -349.040637, 0.0;
-1034.747371, -359.013137, 0.0;
-1034.746882, -368.985637, 0.0;
-1034.746392, -378.958137, 0.0;
-1034.745903, -388.930637, 0.0;
-1034.745414, -398.903137, 0.0;
-1034.744924, -408.875637, 0.0;
-1034.744435, -418.848137, 0.0;
-1034.743945, -428.820637, 0.0;
-1034.743456, -438.793137, 0.0;
-1034.742967, -448.765637, 0.0;
-1034.742477, -458.738136, 0.0;
-1034.741988, -468.710636, 0.0;
-1034.741498, -478.683136, 0.0;
-1034.741009, -488.655636, 0.0;
-1034.74052, -498.628136, 0.0;
-1034.74003, -508.600636, 0.0;
-1034.739541, -518.573136, 0.0;
-1034.739051, -528.545636, 0.0;
-1034.738562, -538.518136, 0.0;
-1034.738073, -548.490636, 0.0;
-1034.737583, -558.463136, 0.0;
-1034.737094, -568.435636, 0.0;
-1034.736604, -578.408136, 0.0;
-1034.736115, -588.380636, 0.0;
-1034.735626, -598.353136, 0.0;
-1034.735136, -608.325636, 0.0;
-1034.734647, -618.298136, 0.0;
-1034.734157, -628.270635, 0.0;
-1034.733668, -638.243135, 0.0;
-1034.733178, -648.215635, 0.0;
-1034.732689, -658.188135, 0.0;
-1034.7322, -668.160635, 0.0;
-1034.73171, -678.133135, 0.0;
-1034.731221, -688.105635, 0.0;
-1034.730731, -698.078135, 0.0;
-1034.730242, -708.050635, 0.0;
-1034.729753, -718.023135, 0.0;
-1034.729263, -727.995635, 0.0;
-1034.728774, -737.968135, 0.0;
-1034.728284, -747.940635, 0.0;
-1034.727795, -757.913135, 0.0;
-1034.727306, -767.885635, 0.0;
-1034.726816, -777.858135, 0.0;
-1034.726327, -787.830634, 0.0;
-1034.725837, -797.803134, 0.0;
-1034.725348, -807.775634, 0.0;
-1034.724859, -817.748134, 0.0;
-1034.724369, -827.720634, 0.0;
-1034.72388, -837.693134, 0.0;
-1034.72339, -847.665634, 0.0;
-1034.722901, -857.638134, 0.0;
-1034.722411, -867.610634, 0.0;
-1034.721922, -877.583134, 0.0;
-1034.721433, -887.555634, 0.0;
-1034.720943, -897.528134, 0.0;
-1034.720454, -907.500634, 0.0;
-1034.719964, -917.473134, 0.0;
-1034.719475, -927.445634, 0.0;
-1034.718986, -937.418134, 0.0;
-1034.718496, -947.390634, 0.0;
-1034.718007, -957.363133, 0.0;
-1034.717517, -967.335633, 0.0;
-1034.717028, -977.308133, 0.0;
-1034.716539, -987.280633, 0.0;
-1034.716049, -997.253133, 0.0;
-1034.71556, -1007.225633, 0.0;
-1034.71556, -1007.225633, 0.0;
-1024.748495, -1007.747494, 0.0;
-1014.78143, -1008.269356, 0.0;
-1004.814366, -1008.791217, 0.0;
-994.847301, -1009.313078, 0.0;
-984.880237, -1009.83494, 0.0;
-974.913172, -1010.356801, 0.0;
-964.946107, -1010.878662, 0.0;
-954.979043, -1011.400524, 0.0;
-945.011978, -1011.922385, 0.0;
-935.044913, -1012.444246, 0.0;
-925.077849, -1012.966107, 0.0;
-915.110784, -1013.487969, 0.0;
-905.143719, -1014.00983, 0.0;
-895.176655, -1014.531691, 0.0;
-885.20959, -1015.053553, 0.0;
-875.242525, -1015.575414, 0.0;
-865.275461, -1016.097275, 0.0;
-855.308396, -1016.619137, 0.0;
-845.341331, -1017.140998, 0.0;
-835.374267, -1017.662859, 0.0;
-825.407202, -1018.18472, 0.0;
-815.440138, -1018.706582, 0.0;
-805.473073, -1019.228443, 0.0;
-795.506008, -1019.750304, 0.0;
-785.538944, -1020.272166, 0.0;
-775.571879, -1020.794027, 0.0;
-765.604814, -1021.315888, 0.0;
-755.63775, -1021.83775, 0.0;
-745.670685, -1022.359611, 0.0;
-735.70362, -1022.881472, 0.0;
-725.736556, -1023.403333, 0.0;
-715.769491, -1023.925195, 0.0;
-705.802426, -1024.447056, 0.0;
-695.835362, -1024.968917, 0.0;
-685.868297, -1025.490779, 0.0;
-675.901233, -1026.01264, 0.0;
-665.934168, -1026.534501, 0.0;
-655.967103, -1027.056363, 0.0;
-646.000039, -1027.578224, 0.0;
-636.032974, -1028.100085, 0.0;
-626.065909, -1028.621946, 0.0;
-616.098845, -1029.143808, 0.0;
-606.13178, -1029.665669, 0.0;
-596.164715, -1030.18753, 0.0;
-586.197651, -1030.709392, 0.0;
-576.230586, -1031.231253, 0.0;
-566.263521, -1031.753114, 0.0;
-556.296457, -1032.274976, 0.0;
-546.329392, -1032.796837, 0.0;
-536.362327, -1033.318698, 0.0;
-526.395263, -1033.840559, 0.0;
-516.428198, -1034.362421, 0.0;
-506.461134, -1034.884282, 0.0;
-496.494069, -1035.406143, 0.0;
-486.527004, -1035.928005, 0.0;
-476.55994, -1036.449866, 0.0;
-466.592875, -1036.971727, 0.0;
-456.62581, -1037.493589, 0.0;
-446.658746, -1038.01545, 0.0;
-436.691681, -1038.537311, 0.0;
-426.724616, -1039.059172, 0.0;
-416.757552, -1039.581034, 0.0;
-406.790487, -1040.102895, 0.0;
-396.823422, -1040.624756, 0.0;
-386.856358, -1041.146618, 0.0;
-376.889293, -1041.668479, 0.0;
-366.922228, -1042.19034, 0.0;
-356.955164, -1042.712202, 0.0;
-346.988099, -1043.234063, 0.0;
-337.021035, -1043.755924, 0.0;
-327.05397, -1044.277785, 0.0;
-317.086905, -1044.799647, 0.0;
-307.119841, -1045.321508, 0.0;
-297.152776, -1045.843369, 0.0;
-287.185711, -1046.365231, 0.0;
-277.218647, -1046.887092, 0.0;
-267.251582, -1047.408953, 0.0;
-257.284517, -1047.930815, 0.0;
-247.317453, -1048.452676, 0.0;
-237.350388, -1048.974537, 0.0;
-227.383323, -1049.496398, 0.0;
-217.416259, -1050.01826, 0.0;
-207.449194, -1050.540121, 0.0;
-197.482129, -1051.061982, 0.0;
-187.515065, -1051.583844, 0.0;
-177.548, -1052.105705, 0.0;
-167.580936, -1052.627566, 0.0;
-157.613871, -1053.149428, 0.0;
-147.646806, -1053.671289, 0.0;
-137.679742, -1054.19315, 0.0;
-127.712677, -1054.715011, 0.0;
-117.745612, -1055.236873, 0.0;
-107.778548, -1055.758734, 0.0;
-97.811483, -1056.280595, 0.0;
-87.844418, -1056.802457, 0.0;
-77.877354, -1057.324318, 0.0;
-67.910289, -1057.846179, 0.0;
-57.943224, -1058.368041, 0.0;
-47.97616, -1058.889902, 0.0;
-38.009095, -1059.411763, 0.0;
-28.042031, -1059.933624, 0.0;
-18.074966, -1060.455486, 0.0;
-8.107901, -1060.977347, 0.0;
1.859163, -1061.499208, 0.0;
11.826228, -1062.02107, 0.0;
21.793293, -1062.542931, 0.0;
31.760357, -1063.064792, 0.0;
41.727422, -1063.586654, 0.0;
51.694487, -1064.108515, 0.0;
61.661551, -1064.630376, 0.0;
71.628616, -1065.152237, 0.0;
81.595681, -1065.674099, 0.0;
91.562745, -1066.19596, 0.0;
101.52981, -1066.717821, 0.0;
111.496875, -1067.239683, 0.0;
121.463939, -1067.761544, 0.0;
131.431004, -1068.283405, 0.0;
141.398068, -1068.805266, 0.0;
151.365133, -1069.327128, 0.0;
161.332198, -1069.848989, 0.0;
171.299262, -1070.37085, 0.0;
181.266327, -1070.892712, 0.0;
191.233392, -1071.414573, 0.0;
191.233392, -1071.414573, 0.0;
190.85653, -1078.612861, 0.0;
190.479667, -1085.811148, 0.0;
190.102805, -1093.009436, 0.0;
190.102805, -1093.009436, 0.0;
200.022959, -1093.717604, 0.0;
209.943113, -1094.425773, 0.0;
219.863266, -1095.133941, 0.0;
229.78342, -1095.84211, 0.0;
239.703574, -1096.550278, 0.0;
249.623727, -1097.258447, 0.0;
259.543881, -1097.966615, 0.0;
269.464035, -1098.674784, 0.0;
279.384188, -1099.382953, 0.0;
289.304342, -1100.091121, 0.0;
299.224495, -1100.79929, 0.0;
309.144649, -1101.507458, 0.0;
319.064803, -1102.215627, 0.0;
328.984956, -1102.923795, 0.0;
338.90511, -1103.631964, 0.0;
348.825264, -1104.340132, 0.0;
358.745417, -1105.048301, 0.0;
368.665571, -1105.756469, 0.0;
378.585725, -1106.464638, 0.0;
388.505878, -1107.172806, 0.0;
398.426032, -1107.880975, 0.0;
408.346186, -1108.589143, 0.0;
418.266339, -1109.297312, 0.0;
428.186493, -1110.00548, 0.0;
438.106647, -1110.713649, 0.0;
448.0268, -1111.421818, 0.0;
457.946954, -1112.129986, 0.0;
467.867108, -1112.838155, 0.0;
477.787261, -1113.546323, 0.0;
487.707415, -1114.254492, 0.0;
497.627569, -1114.96266, 0.0;
507.547722, -1115.670829, 0.0;
517.467876, -1116.378997, 0.0;
527.38803, -1117.087166, 0.0;
537.308183, -1117.795334, 0.0;
547.228337, -1118.503503, 0.0;
557.148491, -1119.211671, 0.0;
567.068644, -1119.91984, 0.0;
576.988798, -1120.628008, 0.0;
586.908952, -1121.336177, 0.0